{
    "camera_angle_x": 0.691111147403717,
    "camera_angle_y": 0.4710899591445923,
    "fl_x": 2666.6666666666665,
    "fl_y": 2666.6666666666665,
    "k1": 0.0,
    "k2": 0.0,
    "p1": 0.0,
    "p2": 0.0,
    "cx": 960.0,
    "cy": 540.0,
    "w": 1920.0,
    "h": 1080.0,
    "aabb_scale": 2,
    "frames": [
        {
            "file_path": "train/0001.png",
            "transform_matrix": [
                [
                    0.999992847442627,
                    5.450562821351923e-05,
                    0.003797009587287903,
                    0.0
                ],
                [
                    0.0037974007427692413,
                    -0.014353301376104355,
                    -0.9998898506164551,
                    -1.0
                ],
                [
                    -3.637978807091713e-12,
                    0.9998970031738281,
                    -0.014353406615555286,
                    0.0
                ],
                [
                    0.0,
                    0.0,
                    0.0,
                    1.0
                ]
            ]
        },
        {
            "file_path": "train/0031.png",
            "transform_matrix": [
                [
                    0.861065685749054,
                    -0.007287845481187105,
                    -0.5084415674209595,
                    -0.49988216161727905
                ],
                [
                    -0.5084937810897827,
                    -0.012340984307229519,
                    -0.8609772324562073,
                    -0.8658770322799683
                ],
                [
                    -4.656612873077393e-10,
                    0.9998973608016968,
                    -0.014332220889627934,
                    0.0
                ],
                [
                    0.0,
                    0.0,
                    0.0,
                    1.0
                ]
            ]
        },
        {
            "file_path": "train/0061.png",
            "transform_matrix": [
                [
                    0.48193851113319397,
                    -0.012453311122953892,
                    -0.8761165142059326,
                    -0.8658770322799683
                ],
                [
                    -0.8762050271034241,
                    -0.006849687080830336,
                    -0.48188984394073486,
                    -0.49988216161727905
                ],
                [
                    0.0,
                    0.9998990893363953,
                    -0.014212779700756073,
                    0.0
                ],
                [
                    0.0,
                    0.0,
                    0.0,
                    1.0
                ]
            ]
        },
        {
            "file_path": "train/0091.png",
            "transform_matrix": [
                [
                    -0.025746187195181847,
                    -0.014027902856469154,
                    -0.9995701313018799,
                    -1.0
                ],
                [
                    -0.9996684789657593,
                    0.0003612847940530628,
                    0.025743655860424042,
                    0.0
                ],
                [
                    0.0,
                    0.999901533126831,
                    -0.014032555744051933,
                    0.0
                ],
                [
                    0.0,
                    0.0,
                    0.0,
                    1.0
                ]
            ]
        },
        {
            "file_path": "train/0121.png",
            "transform_matrix": [
                [
                    -0.5204803347587585,
                    -0.011826679110527039,
                    -0.8537917733192444,
                    -0.8658770322799683
                ],
                [
                    -0.8538736701011658,
                    0.007208974100649357,
                    0.5204303860664368,
                    0.49988216161727905
                ],
                [
                    -4.656612873077393e-10,
                    0.9999040961265564,
                    -0.013850618153810501,
                    0.0
                ],
                [
                    0.0,
                    0.0,
                    0.0,
                    1.0
                ]
            ]
        },
        {
            "file_path": "train/0151.png",
            "transform_matrix": [
                [
                    -0.8737893104553223,
                    -0.0066657476127147675,
                    -0.4862591028213501,
                    -0.4998819828033447
                ],
                [
                    -0.48630478978157043,
                    0.011976972222328186,
                    0.8737072348594666,
                    0.8658771514892578
                ],
                [
                    -4.656612873077393e-10,
                    0.999906063079834,
                    -0.013706935569643974,
                    0.0
                ],
                [
                    0.0,
                    0.0,
                    0.0,
                    1.0
                ]
            ]
        },
        {
            "file_path": "train/0181.png",
            "transform_matrix": [
                [
                    -0.9999935030937195,
                    4.9191447033081204e-05,
                    0.0036072973161935806,
                    2.3834175522097212e-07
                ],
                [
                    0.003607632825151086,
                    0.013635292649269104,
                    0.9999005198478699,
                    1.0
                ],
                [
                    0.0,
                    0.9999070763587952,
                    -0.013635380193591118,
                    0.0
                ],
                [
                    0.0,
                    0.0,
                    0.0,
                    1.0
                ]
            ]
        },
        {
            "file_path": "train/0211.png",
            "transform_matrix": [
                [
                    -0.8707008957862854,
                    0.006717427168041468,
                    0.49176713824272156,
                    0.4998819828033447
                ],
                [
                    0.491813063621521,
                    0.011892466805875301,
                    0.8706196546554565,
                    0.8658771514892578
                ],
                [
                    -4.656612873077393e-10,
                    0.9999067783355713,
                    -0.013658497482538223,
                    0.0
                ],
                [
                    0.0,
                    0.0,
                    0.0,
                    1.0
                ]
            ]
        },
        {
            "file_path": "train/0241.png",
            "transform_matrix": [
                [
                    -0.5172396302223206,
                    0.011780132539570332,
                    0.8557595610618591,
                    0.8658771514892578
                ],
                [
                    0.8558407425880432,
                    0.007119492162019014,
                    0.5171905755996704,
                    0.4998819828033447
                ],
                [
                    0.0,
                    0.9999052882194519,
                    -0.013764399103820324,
                    0.0
                ],
                [
                    0.0,
                    0.0,
                    0.0,
                    1.0
                ]
            ]
        },
        {
            "file_path": "train/0271.png",
            "transform_matrix": [
                [
                    -0.025556495413184166,
                    0.013924634084105492,
                    0.9995763897895813,
                    1.0
                ],
                [
                    0.9996734261512756,
                    0.00035598111571744084,
                    0.02555401436984539,
                    0.0
                ],
                [
                    -2.9103830456733704e-11,
                    0.9999030232429504,
                    -0.013929183594882488,
                    0.0
                ],
                [
                    0.0,
                    0.0,
                    0.0,
                    1.0
                ]
            ]
        },
        {
            "file_path": "train/0301.png",
            "transform_matrix": [
                [
                    0.4787807762622833,
                    0.01239614374935627,
                    0.8778470754623413,
                    0.8658769130706787
                ],
                [
                    0.8779345750808716,
                    -0.00676022469997406,
                    -0.4787330627441406,
                    -0.49988240003585815
                ],
                [
                    -4.6566123179658803e-10,
                    0.9999004006385803,
                    -0.014119667001068592,
                    0.0
                ],
                [
                    0.0,
                    0.0,
                    0.0,
                    1.0
                ]
            ]
        },
        {
            "file_path": "train/0331.png",
            "transform_matrix": [
                [
                    0.8577401638031006,
                    0.0073395054787397385,
                    0.5140310525894165,
                    0.4998815655708313
                ],
                [
                    0.5140834450721741,
                    -0.012245850637555122,
                    -0.8576527833938599,
                    -0.8658773899078369
                ],
                [
                    0.0,
                    0.9998980760574341,
                    -0.014276876114308834,
                    0.0
                ],
                [
                    0.0,
                    0.0,
                    0.0,
                    1.0
                ]
            ]
        }
    ]
}